45

0 0 0 10
	3 b 1
	3 c 6
	3 d 14
	3 e 16
	3 i 19
	3 o 21
	3 p 24
	3 t 33
	3 v 37
	3 w 40

1 0 0 1
	3 e 2
2 0 0 1
	3 g 3
3 0 0 1
	3 i 4
4 0 0 1
	3 n 5
5 1 24 0

6 0 0 2
	3 o 7
	3 a 11

7 0 0 1
	3 n 8
8 0 0 1
	3 s 9
9 0 0 1
	3 t 10
10 1 22 0

11 0 0 1
	3 l 12
12 0 0 1
	3 l 13
13 1 30 0

14 0 0 1
	3 o 15
15 1 28 0

16 0 0 1
	3 n 17
17 0 0 1
	3 d 18
18 1 25 0

19 0 0 1
	3 f 20
20 1 26 0

21 0 0 1
	3 d 22
22 0 0 1
	3 d 23
23 1 31 0

24 0 0 1
	3 r 25
25 0 0 1
	3 o 26
26 0 0 1
	3 c 27
27 0 0 1
	3 e 28
28 0 0 1
	3 d 29
29 0 0 1
	3 u 30
30 0 0 1
	3 r 31
31 0 0 1
	3 e 32
32 1 23 0

33 0 0 1
	3 h 34
34 0 0 1
	3 e 35
35 0 0 1
	3 n 36
36 1 27 0

37 0 0 1
	3 a 38
38 0 0 1
	3 r 39
39 1 21 0

40 0 0 1
	3 h 41
41 0 0 1
	3 i 42
42 0 0 1
	3 l 43
43 0 0 1
	3 e 44
44 1 29 0